1000528
1000627
1000921
1000943
1001033
1001410
1001840
1002245
1002336
1002341
1002455
1002519
1002551
1002928
1002932
1002996
1003190
1003309
1003314
1003316
1003345
1003371
1003378
1003402
1003496
1003774
1003817
1003823
1003854
1004135
1004249
1004478
1004500
1004648
1004693
1004799
1004851
1004880
1004938
1005204
1005356
1005392
1005506
1005587
1005743
1006081
1006217
1006432
1006931
1006959
1006977
1007348
1007375
1007402
1007429
1007532
1007551
1007694
1007721
1007775
1007843
1008002
1008904
1008930
1008958
1008978
1008984
1009099
1009219
1009254
1009413
1009577
1009963
1009990
1010001
1010134
1010717
1011096
1011466
1011490
1011616
1011641
1011674
1011720
1011789
1011812
1011965
1011988
1012196
1012219
1012254
1012606
1012629
1012807
1013092
1013137
1013328
1013567
1013596
1013679
1013854
1013873
1014010
1014191
1014825
1015055
1015075
1015426
1016169
1016217
1016219
1016269
1016521
1016536
1016551
1016660
1016718
1017120
1017135
1017999
1018264
1018327
1018341
1018653
1018662
1018816
1019149
1019232
1019265
1019276
1019528
1019590
1019918
1019921
1020018
1020565
1020738
1020914
1021239
1021838
1022082
1022111
1022112
1022152
1022202
1022275
1022825
1023005
1023314
1023374
1023402
1023476
1023865
1023951
1023982
1024100
1024110
1024120
1024130
1024140
1024518
1024563
1024717
1024971
1024998
1025257
1025585
1025634
1025683
1026191
1026220
1026740
1026764
1026770
1026782
1026787
1027194
1027309
1027671
1027676
1027686
1027721
1027816
1028016
1028019
1028035
1028055
1028455
1028535
1028880
1028887
1029789
1029794
1029814
1029904
1030322
1030337
1030681
1030703
1030711
1031090
1031393
1031500
1031506
1031962
1031965
1031968
1031972
1032509
1032512
1032515
1032700
1032883
1032885
1032887
1032981
1033593
1034116
1034153
1034168
1034204
1034207
1034329
1034806
1035400
1035419
1035423
1035427
